%YAML:1.0
---
calibration_time: "Mon Jan  1 14:57:27 2024"
image_width: 720
image_height: 1280
flags: 0
camera_matrix: !!opencv-matrix
   rows: 3
   cols: 3
   dt: d
   data: [ 1.2017495098402546e+03, 0., 3.1568017676241629e+02, 0.,
       1.2038718070742709e+03, 6.2584047816868519e+02, 0., 0., 1. ]
distortion_coefficients: !!opencv-matrix
   rows: 1
   cols: 5
   dt: d
   data: [ 2.5776857614632714e-01, -1.4683142110586644e+00,
       -5.2038480770266633e-03, -1.5627332278146822e-02,
       3.3456018504471241e+00 ]
avg_reprojection_error: 8.8478555978709883e-01
