%YAML:1.0
---
calibration_time: "Sun Dec 31 11:20:48 2023"
image_width: 464
image_height: 848
flags: 0
camera_matrix: !!opencv-matrix
   rows: 3
   cols: 3
   dt: d
   data: [ 3.8827846545826077e+02, 0., 2.3503479280727197e+02, 0.,
       3.9686601404362113e+02, 4.2544417179602482e+02, 0., 0., 1. ]
distortion_coefficients: !!opencv-matrix
   rows: 1
   cols: 5
   dt: d
   data: [ 1.9106906249728849e-02, -7.8950754935307593e-02,
       8.9735469461033794e-04, -6.3125487201214721e-04,
       -3.0257913413626367e-02 ]
avg_reprojection_error: 2.5279630347747462e-01
